inputONSASversion = '0.1.9';
problemName = 'torre' ; 

% Constitutive properties
hyperElasParams = cell(1,1) ;
hyperElasParams{1} = [ 1    2.100e+11    3.000e-01 ] ;
% Geometrical properties
secGeomProps = [    2.000e-03    0.000e+00    0.000e+00    0.000e+00 ] ;
% Nodes
Nodes = [ -0.9525    0 5.08 ; ...
0.9525    0 5.08 ; ...
0.9525 0.9525 2.54 ; ...
0.9525 -0.9525 2.54 ; ...
-0.9525 0.9525 2.54 ; ...
-0.9525 -0.9525 2.54 ; ...
-2.54 -2.54    0 ; ...
2.54 2.54    0 ; ...
-2.54 2.54    0 ; ...
2.54 -2.54    0 ] ;
% Conec
Conec = [    1    2    0    0    1    1    1  ; ...
   1    3    0    0    1    1    1  ; ...
   1    4    0    0    1    1    1  ; ...
   1    5    0    0    1    1    1  ; ...
   1    6    0    0    1    1    1  ; ...
   2    5    0    0    1    1    1  ; ...
   2    6    0    0    1    1    1  ; ...
   2    3    0    0    1    1    1  ; ...
   2    4    0    0    1    1    1  ; ...
   5    6    0    0    1    1    1  ; ...
   3    4    0    0    1    1    1  ; ...
   5    3    0    0    1    1    1  ; ...
   6    4    0    0    1    1    1  ; ...
   5    7    0    0    1    1    1  ; ...
   5    8    0    0    1    1    1  ; ...
   5    9    0    0    1    1    1  ; ...
   6    9    0    0    1    1    1  ; ...
   6   10    0    0    1    1    1  ; ...
   6    7    0    0    1    1    1  ; ...
  10    3    0    0    1    1    1  ; ...
  10    6    0    0    1    1    1  ; ...
  10    4    0    0    1    1    1  ; ...
   8    4    0    0    1    1    1  ; ...
   8    3    0    0    1    1    1  ; ...
   9    3    0    0    1    1    1  ; ...
   7    4    0    0    1    1    1  ] ;
nodalSprings = [ 7 Inf  0.000000  Inf  0.000000  Inf  0.000000  ; ...
8 Inf  0.000000  Inf  0.000000  Inf  0.000000  ; ...
9 Inf  0.000000  Inf  0.000000  Inf  0.000000  ; ...
10 Inf  0.000000  Inf  0.000000  Inf  0.000000  ] ;
nodalConstantLoads = [ 1    0.000e+00     0.000e+00    -4.000e+05     0.000e+00    -2.000e+05     0.000e+00  ; ...
2    0.000e+00     0.000e+00    -4.000e+05     0.000e+00    -2.000e+05     0.000e+00  ] ;
% Analysis options
nonLinearAnalysisBoolean = 0 ;
dynamicAnalysisBoolean = 0 ;
% Output options
plotParamsVector = [2   2] ;
reportBoolean = 0 ;
printflag = 0 ;
linearDeformedScaleFactor =    7.000e+01 ;
plotsViewAxis = [ -1.5 1 1 ] ;
