# Created by Octave 7.2.0, Mon Sep 12 10:30:52 2022 -03 <mvanzulli@mvanzulli-asustufdashf15fx516pmfx516pm>
# name: def
# type: matrix
# ndims: 3
 2 101 10
 0
 0
 0.0099999999958330921
 -2.5080303282997856e-07
 0.019999999967411676
 -9.9161375636701524e-07
 0.029999999891931268
 -2.2125826867697199e-06
 0.039999999747989179
 -3.9039603392227566e-06
 0.049999999515537248
 -6.056097228065524e-06
 0.059999999175834998
 -8.6594438669070335e-06
 0.069999998711404235
 -1.1704550768733939e-05
 0.079999998105984321
 -1.5182068446008272e-05
 0.089999997344488464
 -1.9082747410763669e-05
 0.099999996412961034
 -2.3397438174683108e-05
 0.10999999529853542
 -2.8117091249180516e-05
 0.11999999398939359
 -3.3232757145464987e-05
 0.12999999247472549
 -3.8735586374607908e-05
 0.13999999074469019
 -4.4616829447599493e-05
 0.14999998879037768
 -5.0867836875399741e-05
 0.15999998660377121
 -5.7480059168986265e-05
 0.16999998417771095
 -6.4445046839398215e-05
 0.17999998150585808
 -7.1754450397767331e-05
 0.18999997858266005
 -7.9400020355350508e-05
 0.19999997540331679
 -8.7373607223560556e-05
 0.20999997196374709
 -9.5667161513989402e-05
 0.21999996826055632
 -0.00010427273373842418
 0.22999996429100464
 -0.00011318247440886572
 0.23999996005297725
 -0.00012238863403754089
 0.24999995554495275
 -0.00013188356313691257
 0.25999995076597504
 -0.0001416597122196855
 0.26999994571562452
 -0.00015170963179881482
 0.27999994039399029
 -0.00016202597238750059
 0.28999993480164243
 -0.00017260148449919845
 0.2999999289396077
 -0.00018342901864760658
 0.30999992280934141
 -0.00019450152534666694
 0.31999991641270492
 -0.00020581205511055922
 0.32999990975193966
 -0.00021735375845368955
 0.33999990282964482
 -0.00022911988589068407
 0.34999989564875406
 -0.00024110378793637584
 0.35999988821251361
 -0.0002532989151057968
 0.36999988052446103
 -0.00026569881791415955
 0.37999987258840312
 -0.00027829714687685182
 0.38999986440839812
 -0.00029108765250941563
 0.39999985598873383
 -0.00030406418532753256
 0.40999984733390993
 -0.00031722069584701207
 0.41999983844861971
 -0.00033055123458377162
 0.42999982933773173
 -0.00034404995205382052
 0.43999982000627369
 -0.00035771109877324341
 0.4499998104594144
 -0.0003715290252581814
 0.4599998007024495
 -0.0003854981820248164
 0.46999979074078491
 -0.00039961311958934998
 0.47999978057992221
 -0.00041386848846799198
 0.48999977022544511
 -0.0004282590391769378
 0.4999997596830042
 -0.00044277962223235432
 0.50999974895830513
 -0.00045742518815035886
 0.5199997380570951
 -0.00047219078744700494
 0.52999972698514963
 -0.00048707157063826418
 0.53999971574826366
 -0.00050206278824000859
 0.54999970435223722
 -0.00051715979076799286
 0.55999969280286688
 -0.00053235802873784275
 0.56999968110593358
 -0.000547653052665032
 0.57999966926719437
 -0.00056304051306487423
 0.58999965729237203
 -0.00057851616045250757
 0.59999964518714677
 -0.00059407584534287199
 0.60999963295714477
 -0.00060971551825070519
 0.61999962060793379
 -0.0006254312296905246
 0.6299996081450141
 -0.00064121913017661206
 0.63999959557381081
 -0.00065707547022300508
 0.64999958289966586
 -0.00067299660034348167
 0.65999957012783261
 -0.00068897897105154812
 0.66999955726347049
 -0.00070501913286043086
 0.67999954431163601
 -0.00072111373628306371
 0.68999953127728053
 -0.00073725953183207728
 0.69999951816524253
 -0.00075345337001979287
 0.70999950498024278
 -0.00076969220135820798
 0.71999949172688171
 -0.00078597307635899381
 0.72999947840963209
 -0.00080229314553348103
 0.73999946503283975
 -0.00081864965939265697
 0.74999945160071391
 -0.00083503996844715481
 0.75999943811732729
 -0.00085146152320724931
 0.7699994245866123
 -0.00086791187418284804
 0.7799994110123557
 -0.00088438867188348868
 0.78999939739820146
 -0.00090088966681833177
 0.79999938374764168
 -0.00091741270949615534
 0.80999937006401956
 -0.00093395575042535259
 0.81999935635052346
 -0.00095051684011392525
 0.82999934261018682
 -0.00096709412906948312
 0.83999932884588602
 -0.00098368586779923827
 0.84999931506033943
 -0.0010002904068100011
 0.85999930125610491
 -0.0010169061966081785
 0.86999928743557975
 -0.0010335317876997751
 0.87999927360100039
 -0.0010501658305903841
 0.88999925975443717
 -0.0010668070757851914
 0.89999924589780012
 -0.0010834543737889726
 0.90999923203283217
 -0.0011001066751060919
 0.91999921816111252
 -0.0011167630302404963
 0.92999920428405514
 -0.0011334225896957233
 0.93999919040290891
 -0.0011500846039748886
 0.9499991765187541
 -0.0011667484235806998
 0.95999916263250651
 -0.0011834134990154467
 0.96999914874491544
 -0.0012000793807810019
 0.97999913485656309
 -0.0012167457193788202
 0.98999912096786469
 -0.0012334122653099413
 0.99999910707906903
 -0.0012500788690749884
 0
 0
 0.0099999998503039669
 -1.5034563097878208e-06
 0.019999998829072625
 -5.9441921052725949e-06
 0.029999996116888559
 -1.3263164665412807e-05
 0.039999990944708949
 -2.3401930544183556e-05
 0.049999982592157759
 -3.6302645597542466e-05
 0.059999970385852697
 -5.1908065008382797e-05
 0.069999953697766626
 -7.016154330957598e-05
 0.079999931943623467
 -9.1007034405827448e-05
 0.089999904581327075
 -0.00011438909159326638
 0.099999871109424585
 -0.00014025286757730741
 0.10999983106560202
 -0.00016854411448904066
 0.11999978402521275
 -0.00019920918390023306
 0.12999972959983838
 -0.00023219502683699707
 0.1399996674358818
 -0.00026744919379220657
 0.14999959721319178
 -0.00030491983473671872
 0.1599995186437182
 -0.00034455569912937025
 0.16999943147019925
 -0.00038630613592570851
 0.17999933546487817
 -0.00043012109358609303
 0.18999923042825087
 -0.00047595112008252851
 0.19999911618784322
 -0.0005237473629045034
 0.20999899259701743
 -0.00057346156906399226
 0.21999885953380791
 -0.00062504608509966319
 0.22999871689978621
 -0.00067845385708034309
 0.23999856461895319
 -0.00073363843060779063
 0.24999840263666057
 -0.00079055395081881403
 0.25999823091855917
 -0.0008491551623867967
 0.26999804944957484
 -0.00090939740952269271
 0.2799978582329119
 -0.00097123663597556019
 0.28999765728908178
 -0.0010346293850324519
 0.29999744665495864
 -0.0010995327995178684
 0.3099972263828627
 -0.0011659046217927932
 0.31999699653966429
 -0.0012337031937533353
 0.32999675720591937
 -0.001302887456829032
 0.33999650847502344
 -0.0013734169519808142
 0.3499962504523958
 -0.001445251819698692
 0.35999598325468363
 -0.001518352799999227
 0.36999570700899032
 -0.001592681232423005
 0.37999542185213026
 -0.00166819905603164
 0.38999512792990304
 -0.0017448688094046684
 0.39999482539639225
 -0.0018226536306362876
 0.40999451441328577
 -0.0019015172573319489
 0.41999419514921782
 -0.0019814240266048228
 0.42999386777913323
 -0.0020623388750721575
 0.43999353248367323
 -0.0021442273388515326
 0.44999318944858119
 -0.0022270555535570573
 0.45999283886412823
 -0.0023107902542955782
 0.46999248092456147
 -0.0023953987756631431
 0.47999211582756918
 -0.0024808490517410947
 0.48999174377376709
 -0.0025671096160922672
 0.49999136496620294
 -0.0026541496017572419
 0.50999097960988005
 -0.002741938741250598
 0.51999058791129993
 -0.0028304473665571872
 0.52999019007802084
 -0.002919646409128414
 0.53998978631823646
 -0.0030095073998785663
 0.54998937684036986
 -0.0031000024691811711
 0.55998896185268543
 -0.003191104346865497
 0.56998854156291567
 -0.0032827863622134031
 0.57998811617790802
 -0.003375022443955886
 0.58998768590328154
 -0.0034677871202698453
 0.59998725094310656
 -0.0035610555187749783
 0.60998681149959166
 -0.0036548033665307639
 0.61998636777278926
 -0.0037490069900335174
 0.62998591996031905
 -0.0038436433152135119
 0.63998546825709757
 -0.0039386898674322029
 0.64998501285508714
 -0.0040341247714795149
 0.65998455394305677
 -0.0041299267515713138
 0.66998409170635476
 -0.0042260751313472379
 0.67998362632669618
 -0.0043225498338682281
 0.68998315798196019
 -0.0044193313816143507
 0.69998268684600151
 -0.004516400896482765
 0.70998221308847009
 -0.0046137400997857785
 0.71998173687464573
