strain =

  -0.0105703
   0.0216760
  -0.0022620

strain_e_v_tr =

   0.0055528
   0.0055528
   0.0000000

strain_e_d_tr =

  -0.0161232
   0.0161232
  -0.0022620

% ok
st_hyd =

   10678.48298
   10678.48298
       0.00000


st_dev =

  -12402.42705
   12402.42705
   -1739.97164

stress_tr =

   -1723.94407   23080.91002    -869.98582

ans =

   -1723.94407
   23080.91002
   -1739.97164

s_tr =

  -12402.42705   12402.42705    -869.98582

s_tr2 =

  -12402.42705
   12402.42705
   -1739.97164
